=== Barrido en A para P3  (B/A=0.7, C/A=0.35, T_barrido=5.0 µs) ===

    A       B       C   P_exito  T_sim [s]    residuo
-------------------------------------------------------
  1.0    0.70    0.35     0.722       0.03      1.200
  5.0    3.50    1.75     0.763       0.04      6.000
  9.0    6.30    3.15     0.706       0.04     10.800
 13.0    9.10    4.55     0.689       0.05     15.600
 17.0   11.90    5.95     0.691       0.05     20.400
 21.0   14.70    7.35     0.713       0.06     25.200
 25.0   17.50    8.75     0.738       0.06     30.000
 29.0   20.30   10.15     0.755       0.06     34.800
 33.0   23.10   11.55     0.789       0.07     39.600
 37.0   25.90   12.95     0.798       0.08     44.400
 41.0   28.70   14.35     0.809       0.07     49.200
 45.0   31.50   15.75     0.810       0.09     54.000
 49.0   34.30   17.15     0.814       0.09     58.800
 53.0   37.10   18.55     0.811       0.09     63.600
 57.0   39.90   19.95     0.824       0.10     68.400
 61.0   42.70   21.35     0.824       0.10     73.200
 65.0   45.50   22.75     0.838       0.11     78.000
 69.0   48.30   24.15     0.846       0.11     82.800
 73.0   51.10   25.55     0.862       0.11     87.600
 77.0   53.90   26.95     0.870       0.12     92.400
 81.0   56.70   28.35     0.879       0.12     97.200
 85.0   59.50   29.75     0.882       0.13    102.000
 89.0   62.30   31.15     0.887       0.19    106.800
 93.0   65.10   32.55     0.889       0.13    111.600
 97.0   67.90   33.95     0.889       0.14    116.400
101.0   70.70   35.35     0.894       0.17    121.200

=== Tiempo total: 3.4 s ===



=== Barrido en A para P4  (B/A=0.7, C/A=0.35, T_barrido=5.0 µs) ===

    A       B       C   P_exito  T_sim [s]    residuo
-------------------------------------------------------
  1.0    0.70    0.35     0.472       0.04      1.697
  5.0    3.50    1.75     0.295       0.04      8.487
  9.0    6.30    3.15     0.576       0.05     15.276
 13.0    9.10    4.55     0.580       0.06     22.066
 17.0   11.90    5.95     0.753       0.06     28.855
 21.0   14.70    7.35     0.759       0.07     35.645
 25.0   17.50    8.75     0.855       0.07     42.434
 29.0   20.30   10.15     0.851       0.09     49.224
 33.0   23.10   11.55     0.903       0.09     56.013
 37.0   25.90   12.95     0.897       0.12     62.803
 41.0   28.70   14.35     0.945       0.10     69.592
 45.0   31.50   15.75     0.948       0.12     76.382
 49.0   34.30   17.15     0.976       0.11     83.171
 53.0   37.10   18.55     0.976       0.12     89.960
 57.0   39.90   19.95     0.991       0.13     96.750
 61.0   42.70   21.35     0.989       0.14    103.539
 65.0   45.50   22.75     0.993       0.14    110.329
 69.0   48.30   24.15     0.992       0.14    117.118
 73.0   51.10   25.55     0.997       0.14    123.908
 77.0   53.90   26.95     0.997       0.16    130.697
 81.0   56.70   28.35     0.999       0.17    137.487
 85.0   59.50   29.75     0.999       0.18    144.276
 89.0   62.30   31.15     0.999       0.19    151.066
 93.0   65.10   32.55     0.999       0.22    157.855
 97.0   67.90   33.95     0.999       0.27    164.645
101.0   70.70   35.35     0.999       0.22    171.434

=== Tiempo total: 8.8 s ===




=== Barrido en A para P5  (B/A=0.7, C/A=0.35, T_barrido=5.0 µs) ===

    A       B       C   P_exito  T_sim [s]    residuo
-------------------------------------------------------
  1.0    0.70    0.35     0.314       0.04      2.079
  5.0    3.50    1.75     0.368       0.04     10.395
  9.0    6.30    3.15     0.521       0.05     18.711
 13.0    9.10    4.55     0.533       0.06     27.027
 17.0   11.90    5.95     0.578       0.09     35.342
 21.0   14.70    7.35     0.649       0.10     43.658
 25.0   17.50    8.75     0.678       0.10     51.974
 29.0   20.30   10.15     0.699       0.12     60.290
 33.0   23.10   11.55     0.730       0.14     68.606
 37.0   25.90   12.95     0.754       0.13     76.922
 41.0   28.70   14.35     0.771       0.16     85.238
 45.0   31.50   15.75     0.784       0.18     93.554
 49.0   34.30   17.15     0.806       0.17    101.870
 53.0   37.10   18.55     0.808       0.22    110.185
 57.0   39.90   19.95     0.828       0.22    118.501
 61.0   42.70   21.35     0.840       0.20    126.817
 65.0   45.50   22.75     0.847       0.22    135.133
 69.0   48.30   24.15     0.867       0.26    143.449
 73.0   51.10   25.55     0.873       0.26    151.765
 77.0   53.90   26.95     0.886       0.27    160.081
 81.0   56.70   28.35     0.892       0.30    168.397
 85.0   59.50   29.75     0.897       0.30    176.712
 89.0   62.30   31.15     0.906       0.32    185.028
 93.0   65.10   32.55     0.909       0.33    193.344
 97.0   67.90   33.95     0.914       0.34    201.660
101.0   70.70   35.35     0.915       0.35    209.976

=== Tiempo total: 23.5 s ===




=== Barrido en A para P6  (B/A=0.7, C/A=0.35, T_barrido=5.0 µs) ===

    A       B       C   P_exito  T_sim [s]    residuo
-------------------------------------------------------
  1.0    0.70    0.35     0.209       0.04      2.401
  5.0    3.50    1.75     0.294       0.05     12.003
  9.0    6.30    3.15     0.465       0.07     21.606
 13.0    9.10    4.55     0.578       0.09     31.209
 17.0   11.90    5.95     0.602       0.11     40.811
 21.0   14.70    7.35     0.674       0.12     50.414
 25.0   17.50    8.75     0.728       0.15     60.017
 29.0   20.30   10.15     0.759       0.15     69.619
 33.0   23.10   11.55     0.784       0.16     79.222
 37.0   25.90   12.95     0.808       0.18     88.825
 41.0   28.70   14.35     0.829       0.19     98.427
 45.0   31.50   15.75     0.832       0.23    108.030
 49.0   34.30   17.15     0.871       0.23    117.632
 53.0   37.10   18.55     0.881       0.26    127.235
 57.0   39.90   19.95     0.883       0.27    136.838
 61.0   42.70   21.35     0.911       0.29    146.440
 65.0   45.50   22.75     0.934       0.31    156.043
 69.0   48.30   24.15     0.940       0.31    165.646
 73.0   51.10   25.55     0.949       0.33    175.248
 77.0   53.90   26.95     0.967       0.34    184.851
 81.0   56.70   28.35     0.967       0.36    194.454
 85.0   59.50   29.75     0.969       0.39    204.056
 89.0   62.30   31.15     0.973       0.39    213.659
 93.0   65.10   32.55     0.977       0.44    223.262
 97.0   67.90   33.95     0.978       0.46    232.864
101.0   70.70   35.35     0.987       0.45    242.467

=== Tiempo total: 29.3 s ===



=== Barrido en A para K13  (B/A=0.7, C/A=0.35, T_barrido=5.0 µs) ===

    A       B       C   P_exito  T_sim [s]    residuo
-------------------------------------------------------
  1.0    0.70    0.35     0.392       0.04      2.078
  5.0    3.50    1.75     0.677       0.05     10.392
  9.0    6.30    3.15     0.786       0.06     18.706
 13.0    9.10    4.55     0.836       0.06     27.020
 17.0   11.90    5.95     0.872       0.07     35.334
 21.0   14.70    7.35     0.890       0.10     43.648
 25.0   17.50    8.75     0.913       0.10     51.962
 29.0   20.30   10.15     0.936       0.14     60.275
 33.0   23.10   11.55     0.954       0.12     68.589
 37.0   25.90   12.95     0.963       0.16     76.903
 41.0   28.70   14.35     0.970       0.17     85.217
 45.0   31.50   15.75     0.974       0.18     93.531
 49.0   34.30   17.15     0.978       0.20    101.845
 53.0   37.10   18.55     0.980       0.20    110.158
 57.0   39.90   19.95     0.983       0.23    118.472
 61.0   42.70   21.35     0.987       0.23    126.786
 65.0   45.50   22.75     0.990       0.25    135.100
 69.0   48.30   24.15     0.991       0.27    143.414
 73.0   51.10   25.55     0.993       0.89    151.728
 77.0   53.90   26.95     0.993       0.29    160.041
 81.0   56.70   28.35     0.993       0.26    168.355
 85.0   59.50   29.75     0.994       0.27    176.669
 89.0   62.30   31.15     0.994       0.33    184.983
 93.0   65.10   32.55     0.995       0.40    193.297
 97.0   67.90   33.95     0.995       0.34    201.611
101.0   70.70   35.35     0.998       0.37    209.925

=== Tiempo total: 8.3 s ===




=== Barrido en A para C4  (B/A=0.7, C/A=0.35, T_barrido=11.0 µs) ===

    A       B       C   P_exito  T_sim [s]    residuo
-------------------------------------------------------
  1.0    0.70    0.35     0.363       0.04      2.428
  5.0    3.50    1.75     0.384       0.06     12.139
  9.0    6.30    3.15     0.666       0.08     21.850
 13.0    9.10    4.55     0.804       0.13     31.561
 17.0   11.90    5.95     0.834       0.13     41.272
 21.0   14.70    7.35     0.914       0.21     50.983
 25.0   17.50    8.75     0.954       0.23     60.694
 29.0   20.30   10.15     0.965       0.26     70.404
 33.0   23.10   11.55     0.995       0.28     80.116
 37.0   25.90   12.95     0.995       0.33     89.827
 41.0   28.70   14.35     0.999       0.33     99.538
 45.0   31.50   15.75     0.999       0.39    109.249
 49.0   34.30   17.15     0.999       0.44    118.960
 53.0   37.10   18.55     0.999       0.45    128.671
 57.0   39.90   19.95     0.999       0.57    138.382
 61.0   42.70   21.35     0.999       0.55    148.093
 65.0   45.50   22.75     0.999       0.65    157.803
 69.0   48.30   24.15     0.999       0.65    167.514
 73.0   51.10   25.55     0.999       0.69    177.225
 77.0   53.90   26.95     0.999       0.67    186.936
 81.0   56.70   28.35     0.999       0.70    196.647
 85.0   59.50   29.75     0.999       0.74    206.358
 89.0   62.30   31.15     0.999       0.76    216.069
 93.0   65.10   32.55     0.999       0.78    225.780
 97.0   67.90   33.95     0.999       0.79    235.491
101.0   70.70   35.35     1.000       0.92    245.202

=== Tiempo total: 21.6 s ===




=== Barrido en A para C5  (B/A=0.7, C/A=0.35, T_barrido=11.0 µs) ===

    A       B       C   P_exito  T_sim [s]    residuo
-------------------------------------------------------
  1.0    0.70    0.35     0.380       0.05      2.696
  5.0    3.50    1.75     0.504       0.08     13.479
  9.0    6.30    3.15     0.709       0.12     24.261
 13.0    9.10    4.55     0.749       0.16     35.044
 17.0   11.90    5.95     0.825       0.20     45.827
 21.0   14.70    7.35     0.856       0.25     56.610
 25.0   17.50    8.75     0.889       0.29     67.393
 29.0   20.30   10.15     0.914       0.41     78.176
 33.0   23.10   11.55     0.925       0.35     88.959
 37.0   25.90   12.95     0.943       0.42     99.741
 41.0   28.70   14.35     0.947       0.42    110.524
 45.0   31.50   15.75     0.954       0.49    121.307
 49.0   34.30   17.15     0.956       0.52    132.090
 53.0   37.10   18.55     0.966       0.58    142.873
 57.0   39.90   19.95     0.970       0.58    153.656
 61.0   42.70   21.35     0.976       0.59    164.439
 65.0   45.50   22.75     0.977       0.61    175.221
 69.0   48.30   24.15     0.981       0.72    186.004
 73.0   51.10   25.55     0.982       0.80    196.787
 77.0   53.90   26.95     0.987       0.73    207.570
 81.0   56.70   28.35     0.989       0.79    218.353
 85.0   59.50   29.75     0.991       0.91    229.136
 89.0   62.30   31.15     0.991       0.89    239.919
 93.0   65.10   32.55     0.993       1.03    250.701
 97.0   67.90   33.95     0.995       0.98    261.484
101.0   70.70   35.35     0.994       0.98    272.267

=== Tiempo total: 35.8 s ===


=== Barrido en A para C4mod  (B/A=0.7, C/A=0.35, T_barrido=11.0 µs) ===

    A       B       C   P_exito  T_sim [s]    residuo
-------------------------------------------------------
  1.0    0.70    0.35     0.056       0.04      2.963
  5.0    3.50    1.75     0.415       0.08     14.813
  9.0    6.30    3.15     0.459       0.14     26.664
 13.0    9.10    4.55     0.604       0.17     38.514
 17.0   11.90    5.95     0.678       0.21     50.365
 21.0   14.70    7.35     0.777       0.27     62.215
 25.0   17.50    8.75     0.815       0.31     74.066
 29.0   20.30   10.15     0.861       0.34     85.916
 33.0   23.10   11.55     0.919       0.38     97.767
 37.0   25.90   12.95     0.930       0.45    109.617
 41.0   28.70   14.35     0.955       0.48    121.468
 45.0   31.50   15.75     0.968       0.53    133.318
 49.0   34.30   17.15     0.986       0.57    145.168
 53.0   37.10   18.55     0.989       0.61    157.019
 57.0   39.90   19.95     0.995       0.68    168.869
 61.0   42.70   21.35     0.995       0.75    180.720
 65.0   45.50   22.75     0.998       0.74    192.570
 69.0   48.30   24.15     0.999       0.81    204.421
 73.0   51.10   25.55     0.998       0.83    216.271
 77.0   53.90   26.95     0.998       0.86    228.122
 81.0   56.70   28.35     0.998       0.89    239.972
 85.0   59.50   29.75     0.998       0.90    251.823
 89.0   62.30   31.15     0.998       0.99    263.673
 93.0   65.10   32.55     0.998       0.97    275.524
 97.0   67.90   33.95     0.998       1.05    287.374
101.0   70.70   35.35     0.998       1.15    299.225

=== Tiempo total: 30.9 s ===


=== Barrido en A para C5mod  (B/A=0.7, C/A=0.35, T_barrido=11.0 µs) ===

    A       B       C   P_exito  T_sim [s]    residuo
-------------------------------------------------------
  1.0    0.70    0.35     0.177       0.05      3.186
  5.0    3.50    1.75     0.356       0.11     15.929
  9.0    6.30    3.15     0.411       0.15     28.672
 13.0    9.10    4.55     0.469       0.25     41.415
 17.0   11.90    5.95     0.496       0.26     54.158
 21.0   14.70    7.35     0.533       0.32     66.902
 25.0   17.50    8.75     0.557       0.36     79.645
 29.0   20.30   10.15     0.550       0.44     92.388
 33.0   23.10   11.55     0.549       0.57    105.131
 37.0   25.90   12.95     0.555       0.51    117.874
 41.0   28.70   14.35     0.563       0.56    130.617
 45.0   31.50   15.75     0.552       0.64    143.360
 49.0   34.30   17.15     0.540       0.64    156.104
 53.0   37.10   18.55     0.539       0.74    168.847
 57.0   39.90   19.95     0.535       0.78    181.590
 61.0   42.70   21.35     0.535       0.79    194.333
 65.0   45.50   22.75     0.524       0.85    207.076
 69.0   48.30   24.15     0.516       0.92    219.819
 73.0   51.10   25.55     0.512       0.93    232.562
 77.0   53.90   26.95     0.511       1.01    245.306
 81.0   56.70   28.35     0.507       1.06    258.049
 85.0   59.50   29.75     0.494       1.11    270.792
 89.0   62.30   31.15     0.489       1.17    283.535
 93.0   65.10   32.55     0.483       1.28    296.278
 97.0   67.90   33.95     0.473       1.37    309.021
101.0   70.70   35.35     0.474       1.94    321.764

=== Tiempo total: 48.0 s ===


=== Barrido en A para Y  (B/A=0.7, C/A=0.35, T_barrido=5.0 µs) ===

    A       B       C   P_exito  T_sim [s]    residuo
-------------------------------------------------------
  1.0    0.70    0.35     0.294       0.04      2.401
  5.0    3.50    1.75     0.299       0.04     12.003
  9.0    6.30    3.15     0.364       0.05     21.606
 13.0    9.10    4.55     0.563       0.09     31.209
 17.0   11.90    5.95     0.600       0.09     40.811
 21.0   14.70    7.35     0.730       0.10     50.414
 25.0   17.50    8.75     0.770       0.14     60.017
 29.0   20.30   10.15     0.791       0.11     69.619
 33.0   23.10   11.55     0.848       0.16     79.222
 37.0   25.90   12.95     0.854       0.16     88.825
 41.0   28.70   14.35     0.892       0.17     98.427
 45.0   31.50   15.75     0.910       0.21    108.030
 49.0   34.30   17.15     0.934       0.20    117.633
 53.0   37.10   18.55     0.957       0.24    127.235
 57.0   39.90   19.95     0.962       0.25    136.838
 61.0   42.70   21.35     0.977       0.24    146.441
 65.0   45.50   22.75     0.979       0.25    156.043
 69.0   48.30   24.15     0.979       0.28    165.646
 73.0   51.10   25.55     0.989       0.30    175.249
 77.0   53.90   26.95     0.991       0.32    184.851
 81.0   56.70   28.35     0.995       0.33    194.454
 85.0   59.50   29.75     0.996       0.36    204.057
 89.0   62.30   31.15     0.997       0.38    213.659
 93.0   65.10   32.55     0.998       0.38    223.262
 97.0   67.90   33.95     0.998       0.40    232.865
101.0   70.70   35.35     0.998       0.41    242.467

=== Tiempo total: 15.4 s ===

